[1,2,4,0,0]
1
1
[1,2,4,5,0]
1
2
[4,4,4,4]
0
3
[64182,32169,86490,60494,970,28669,4989,16864,21849,78543,8920,31974,45362,84493,53833,98999,31869,97317,31610,50141,4981,40705,42424,93847,48554,45266,79203,70438,94174,35904,89698,48383,44592,16062,97435,79137,39569,91074,62971,11800,65212,81901,78449,53460,23259,32571,58545,34633,30013,64725,83422,96160,78845,5171,72746,85773,15367,50137,52838,61179,7873,82827,89198,63437,16021,72251,93853,95708,12141,86437,43000,84488,80670,19996,6637,99702,29863,65229,78156,93625,81959,83578,9839,59808,63098,92521,35645,27441,6960,80683,52529,51747,80402,18944,87251,83601,8216,48777,69468,12227,1887,26455,39347,74408,82087,40223,47118,83884,67205,9960,90924,56916,62853,25893,61158,13224,49770,45064,7725,34486,96654,24517,69138,42027,75547,2612,6632,45475,62538,7528,73021,75218,16297,4344,97820,93795,76373,78259,81917,53453,2503,43008,50382,74544,33344,79676,17693,2874,98032,33882,18256,79139,74532,97563,47569,93537,86113,2851,37956,3085,51982,21165,47690,57681,8805,87098,48705,87393,90318,73495,60923,98410,61311,7089,53113,13513,41172,97064,98558,93048,95974,58487,68011,76990,85247,31849,45661,42940,34585,50799,94949,22321,9924,56909,39535,70105,82139,8661,25796,52835,60120,93781,50790,78039,66631,80281,56169,38026,94051,54109,69164,87822,51862,83059,12313,42255,50377,42762,28478,7458,3423,2338,1696,68761,78369,72521,51130,47636,50669,19616,47636,93002,7324,80997,6081,76403,87517,81928,84488,15245,79352,53783,79119,33721,51115,57030,69468,83718,74783,24482,1204,1666,77769,55881,63328,37262,75392,51183,42435,59838,13168,91956,91636,20498,11548,59716,25424,93945,25784,69432,78512,51262,26875,37967,19110,74715,7595,7376,26548,29608,37291,71467,41678,13715,25229,11092,22313,24356,73249,87069,8375,83775,59262,94802,91233,18703,65804,80976,49987,50234,68943,73209,77017,92415,95913,86726,29658,25260,69115,4262,49876,79803,56372,88724,41590,80910,11930,45663,85047,67943,62356,46876,50983,37495,9697,15190,7742,3714,19545,39188,79195,11064,32717,44290,74642,63599,67711,79994,97339,99181,29800,94733,15605,55430,92840,19062,34041,79572,13923,50279,67165,68497,45065,61781,52386,43553,29438,54523,15825,74462,36918,3995,54919,15387,82027,65594,47193,47315,94202,84713,7211,54336,31722,91131,89687,22358,90298,12986,25109,2215,5314,17184,64890,19783,76886,56861,4084,68701,99589,57861,44837,16346,6019,46872,28291,7501,45374,71605,88694,23886,69263,9592,55502,6188,21228,84625,80160,34251,27205,97986,45314,28183,65549,11060,58216,10592,37343,69196,98593,87188,24614,83280,64271,13136,49427,10190,69198,52114,89653,25411,63318,1763,99956,14917,75719,87472,45356,99361,52024,28445,8416,98978,27135,7498,46884,1023,78659,34400,55575,853,75519,1171,85763,62547,3201,95732,51403,42686,22293,16647,4329,34069,69775,53087,39993,4627,48707,86081,3504,50137,79701,28989,59136,97337,52409,68106,22716,21880,24280,20266,25203,87911,48761,11687,63668,64671,46224,55670,66302,91713,15275,42561,3093,97505,5755,25994,82994,4016,53720,20456]
148
50167
[64182,32169,86490,60494,970,28669,4989,16864,21849,78543,8920,31974,45362,84493,53833,98999,31869,97317,31610,50141,4981,40705,42424,93847,48554,45266,79203,70438,94174,35904,89698,48383,44592,16062,97435,79137,39569,91074,62971,11800,65212,81901,78449,53460,23259,32571,58545,34633,30013,64725,83422,96160,78845,5171,72746,85773,15367,50137,52838,61179,7873,82827,89198,63437,16021,72251,93853,95708,12141,86437,43000,84488,80670,19996,6637,99702,29863,65229,78156,93625,81959,83578,9839,59808,63098,92521,35645,27441,6960,80683,52529,51747,80402,18944,87251,83601,8216,48777,69468,12227,1887,26455,39347,74408,82087,40223,47118,83884,67205,9960,90924,56916,62853,25893,61158,13224,49770,45064,7725,34486,96654,24517,69138,42027,75547,2612,6632,45475,62538,7528,73021,75218,16297,4344,97820,93795,76373,78259,81917,53453,2503,43008,50382,74544,33344,79676,17693,2874,98032,33882,18256,79139,74532,97563,47569,93537,86113,2851,37956,3085,51982,21165,47690,57681,8805,87098,48705,87393,90318,73495,60923,98410,61311,7089,53113,13513,41172,97064,98558,93048,95974,58487,68011,76990,85247,31849,45661,42940,34585,50799,94949,22321,9924,56909,39535,70105,82139,8661,25796,52835,60120,93781,50790,78039,66631,80281,56169,38026,94051,54109,69164,87822,51862,83059,12313,42255,50377,42762,28478,7458,3423,2338,1696,68761,78369,72521,51130,47636,50669,19616,47636,93002,7324,80997,6081,76403,87517,81928,84488,15245,79352,53783,79119,33721,51115,57030,69468,83718,74783,24482,1204,1666,77769,55881,63328,37262,75392,51183,42435,59838,13168,91956,91636,20498,11548,59716,25424,93945,25784,69432,78512,51262,26875,37967,19110,74715,7595,7376,26548,29608,37291,71467,41678,13715,25229,11092,22313,24356,73249,87069,8375,83775,59262,94802,91233,18703,65804,80976,49987,50234,68943,73209,77017,92415,95913,86726,29658,25260,69115,4262,49876,79803,56372,88724,41590,80910,11930,45663,85047,67943,62356,46876,50983,37495,9697,15190,7742,3714,19545,39188,79195,11064,32717,44290,74642,63599,67711,79994,97339,99181,29800,94733,15605,55430,92840,19062,34041,79572,13923,50279,67165,68497,45065,61781,52386,43553,29438,54523,15825,74462,36918,3995,54919,15387,82027,65594,47193,47315,94202,84713,7211,54336,31722,91131,89687,22358,90298,12986,25109,2215,5314,17184,64890,19783,76886,56861,4084,68701,99589,57861,44837,16346,6019,46872,28291,7501,45374,71605,88694,23886,69263,9592,55502,6188,21228,84625,80160,34251,27205,97986,45314,28183,65549,11060,58216,10592,37343,69196,98593,87188,24614,83280,64271,13136,49427,10190,69198,52114,89653,25411,63318,1763,99956,14917,75719,87472,45356,99361,52024,28445,8416,98978,27135,7498,46884,1023,78659,34400,55575,853,75519,1171,85763,62547,3201,95732,51403,42686,22293,16647,4329,34069,69775,53087,39993,4627,48707,86081,3504,50137,79701,28989,59136,97337,52409,68106,22716,21880,24280,20266,25203,87911,48761,11687,63668,64671,46224,55670,66302,91713,15275,42561,3093,97505,5755,25994,82994,4016,53720,20456,64182,32169,86490,60494,970,28669,4989,16864,21849,78543,8920,31974,45362,84493,53833,98999,31869,97317,31610,50141,4981,40705,42424,93847,48554,45266,79203,70438,94174,35904,89698,48383,44592,16062,97435,79137,39569,91074,62971,11800,65212,81901,78449,53460,23259,32571,58545,34633,30013,64725,83422,96160,78845,5171,72746,85773,15367,50137,52838,61179,7873,82827,89198,63437,16021,72251,93853,95708,12141,86437,43000,84488,80670,19996,6637,99702,29863,65229,78156,93625,81959,83578,9839,59808,63098,92521,35645,27441,6960,80683,52529,51747,80402,18944,87251,83601,8216,48777,69468,12227,1887,26455,39347,74408,82087,40223,47118,83884,67205,9960,90924,56916,62853,25893,61158,13224,49770,45064,7725,34486,96654,24517,69138,42027,75547,2612,6632,45475,62538,7528,73021,75218,16297,4344,97820,93795,76373,78259,81917,53453,2503,43008,50382,74544,33344,79676,17693,2874,98032,33882,18256,79139,74532,97563,47569,93537,86113,2851,37956,3085,51982,21165,47690,57681,8805,87098,48705,87393,90318,73495,60923,98410,61311,7089,53113,13513,41172,97064,98558,93048,95974,58487,68011,76990,85247,31849,45661,42940,34585,50799,94949,22321,9924,56909,39535,70105,82139,8661,25796,52835,60120,93781,50790,78039,66631,80281,56169,38026,94051,54109,69164,87822,51862,83059,12313,42255,50377,42762,28478,7458,3423,2338,1696,68761,78369,72521,51130,47636,50669,19616,47636,93002,7324,80997,6081,76403,87517,81928,84488,15245,79352,53783,79119,33721,51115,57030,69468,83718,74783,24482,1204,1666,77769,55881,63328,37262,75392,51183,42435,59838,13168,91956,91636,20498,11548,59716,25424,93945,25784,69432,78512,51262,26875,37967,19110,74715,7595,7376,26548,29608,37291,71467,41678,13715,25229,11092,22313,24356,73249,87069,8375,83775,59262,94802,91233,18703,65804,80976,49987,50234,68943,73209,77017,92415,95913,86726,29658,25260,69115,4262,49876,79803,56372,88724,41590,80910,11930,45663,85047,67943,62356,46876,50983,37495,9697,15190,7742,3714,19545,39188,79195,11064,32717,44290,74642,63599,67711,79994,97339,99181,29800,94733,15605,55430,92840,19062,34041,79572,13923,50279,67165,68497,45065,61781,52386,43553,29438,54523,15825,74462,36918,3995,54919,15387,82027,65594,47193,47315,94202,84713,7211,54336,31722,91131,89687,22358,90298,12986,25109,2215,5314,17184,64890,19783,76886,56861,4084,68701,99589,57861,44837,16346,6019,46872,28291,7501,45374,71605,88694,23886,69263,9592,55502,6188,21228,84625,80160,34251,27205,97986,45314,28183,65549,11060,58216,10592,37343,69196,98593,87188,24614,83280,64271,13136,49427,10190,69198,52114,89653,25411,63318,1763,99956,14917,75719,87472,45356,99361,52024,28445,8416,98978,27135,7498,46884,1023,78659,34400,55575,853,75519,1171,85763,62547,3201,95732,51403,42686,22293,16647,4329,34069,69775,53087,39993,4627,48707,86081,3504,50137,79701,28989,59136,97337,52409,68106,22716,21880,24280,20266,25203,87911,48761,11687,63668,64671,46224,55670,66302,91713,15275,42561,3093,97505,5755,25994,82994,4016,53720,20456,64182,32169,86490,60494,970,28669,4989,16864,21849,78543,8920,31974,45362,84493,53833,98999,31869,97317,31610,50141,4981,40705,42424,93847,48554,45266,79203,70438,94174,35904,89698,48383,44592,16062,97435,79137,39569,91074,62971,11800,65212,81901,78449,53460,23259,32571,58545,34633,30013,64725,83422,96160,78845,5171,72746,85773,15367,50137,52838,61179,7873,82827,89198,63437,16021,72251,93853,95708,12141,86437,43000,84488,80670,19996,6637,99702,29863,65229,78156,93625,81959,83578,9839,59808,63098,92521,35645,27441,6960,80683,52529,51747,80402,18944,87251,83601,8216,48777,69468,12227,1887,26455,39347,74408,82087,40223,47118,83884,67205,9960,90924,56916,62853,25893,61158,13224,49770,45064,7725,34486,96654,24517,69138,42027,75547,2612,6632,45475,62538,7528,73021,75218,16297,4344,97820,93795,76373,78259,81917,53453,2503,43008,50382,74544,33344,79676,17693,2874,98032,33882,18256,79139,74532,97563,47569,93537,86113,2851,37956,3085,51982,21165,47690,57681,8805,87098,48705,87393,90318,73495,60923,98410,61311,7089,53113,13513,41172,97064,98558,93048,95974,58487,68011,76990,85247,31849,45661,42940,34585,50799,94949,22321,9924,56909,39535,70105,82139,8661,25796,52835,60120,93781,50790,78039,66631,80281,56169,38026,94051,54109,69164,87822,51862,83059,12313,42255,50377,42762,28478,7458,3423,2338,1696,68761,78369,72521,51130,47636,50669,19616,47636,93002,7324,80997,6081,76403,87517,81928,84488,15245,79352,53783,79119,33721,51115,57030,69468,83718,74783,24482,1204,1666,77769,55881,63328,37262,75392,51183,42435,59838,13168,91956,91636,20498,11548,59716,25424,93945,25784,69432,78512,51262,26875,37967,19110,74715,7595,7376,26548,29608,37291,71467,41678,13715,25229,11092,22313,24356,73249,87069,8375,83775,59262,94802,91233,18703,65804,80976,49987,50234,68943,73209,77017,92415,95913,86726,29658,25260,69115,4262,49876,79803,56372,88724,41590,80910,11930,45663,85047,67943,62356,46876,50983,37495,9697,15190,7742,3714,19545,39188,79195,11064,32717,44290,74642,63599,67711,79994,97339,99181,29800,94733,15605,55430,92840,19062,34041,79572,13923,50279,67165,68497,45065,61781,52386,43553,29438,54523,15825,74462,36918,3995,54919,15387,82027,65594,47193,47315,94202,84713,7211,54336,31722,91131,89687,22358,90298,12986,25109,2215,5314,17184,64890,19783,76886,56861,4084,68701,99589,57861,44837,16346,6019,46872,28291,7501,45374,71605,88694,23886,69263,9592,55502,6188,21228,84625,80160,34251,27205,97986,45314,28183,65549,11060,58216,10592,37343,69196,98593]
148
50167
[57,70,35,30,29,13,17,88,89,49]
1
90
[4,4,4,4]
0
3
